15
Berlin
London
NewYork
Paris
Tokyo
Sydney
HongKong
Rome
LosAngeles
Calcutta
Caracas
Moscow
BuenosAires
Istanbul
Cairo
1 2 579.0 150.0
1 3 3965.0 2500.0
1 4 545.0 450.0
1 8 734.0 250.0
1 12 1004.0 750.0
2 3 3458.0 1125.0
2 4 213.0 475.0
2 7 5982.0 850.0
2 8 887.0 225.0
2 10 4947.0 725.0
3 4 3624.0 350.0
3 8 4281.0 1375.0
3 9 2451.0 625.0
3 11 2132.0 275.0
3 13 5297.0 480.0
4 8 697.0 220.0
4 14 1400.0 525.0
5 4 345.0 234.0
5 6 4866.0 2100.0
5 7 1794.0 730.0
5 9 5433.0 1750.0
5 10 3194.0 1550.0
6 7 4584.0 670.0
7 9 7195.0 1390.0
8 12 1474.0 130.0
8 15 1320.0 780.0
9 13 6916.0 1975.0
10 15 3539.0 555.0
11 13 3168.0 1690.0
12 14 1091.0 490.0
14 15 768.0 320.0
