-1129
-1427
-1918
-1771
-2015
-2004
-1883
-1752
-1806
-1600
-1170
-826
-724
-334
-212
-28
474
862
940
1365
1353
1917
1877
2016
2047
2016
1847
1687
1459
1277
1027
818
152
1
-106
-443
-693
-1236
-1206
-1595
-1781
-1923
-1987
-1980
-2015
-1983
-1680
-1530
-1459
-1233
-508
-341
-102
123
551
755
1163
1295
1688
1873
1680
1867
2047
1814
1803
1646
1402
1520
1030
790
571
0
-174
-642
-829
-1126
-1692
-1699
-1923
-2015
-2046
-2015
-1744
-1981
-1485
-1450
-1134
-792
-401
-2
180
582
756
946
1452
1339
1768
1924
1838
2047
2016
1951
1596
1415
1078
1260
740
266
0
-250
-683
-1118
-1491
-1787
-1970
-1823
-2015
-1855
-2041
-1707
-1592
-1711
-1374
-1266
-613
-148
16
358
833
1218
1475
1527
1781
1895
1854
2047
2016
1680
1553
1731
1234
1174
541
367
-95
-195
-591
-1149
-1528
-1770
-1539
-1923
-2015
-2046
-1915
-1882
-1686
-1444
-1545
-1177
-929
-257